[1.0, 2.0, 2.0, 7.0]
[3.0, 3.0, 4.0, 5.0]
[5.0, 0.0, 0.0, 1.0]
[0.0, 1.0, 0.0, 8.0]

[9.0, 8.0, 7.0, 13.0]
[15.0, 14.0, 0.0, 1.0]
[3.0, 7.0, 2.0, 3.0]
[0.0, 9.0, 0.0, 35.0]

[45.0, 113.0, 11.0, 266.0]
[84.0, 139.0, 29.0, 229.0]
[45.0, 49.0, 35.0, 100.0]
[15.0, 86.0, 0.0, 281.0]

[1.0, 0.0, 17.0]
[15.0, 19.0, 7.0]

[5.0, 6.0, 78.0, 9.0]
[29.0, 31.0, 47.0, 1.0]
[14.0, 17.0, 0.0, 3.0]

[243.0, 295.0, 78.0, 60.0]
[724.0, 798.0, 2063.0, 175.0]

[1.0, 4.0, 5.0, 6.0, 6.0]
[7.0, 8.0, 9.0, 0.0, 0.0]
[4.0, 1.0, 2.0, 2.0, 2.0]

[4.0, 5.0]
[6.0, 1.0]
[6.0, 0.0]
[0.0, 9.0]
[7.0, 7.0]

[100.0, 105.0]
[130.0, 43.0]
[48.0, 53.0]

[0.65, 0.67, 76.4, 23.2]
[-0.7, -13.1, -7.2, 9.2]
[-0.7, -5.5, -1.5, 0.4]
[-1.0, 12.6, 0.8, -0.4]

[-5.5, -0.3, -1.2, 10.2]
[-1.0, 0.8, 0.8, -9.5]
[-45.5, 45.5, 56.5, 13.7]
[-10.7, 11.9, 2.2, 1.2]

[-3728.685, 3752.621, 4367.396000000001, 1074.785]
[246.11, -228.39000000000001, -396.2, 29.71]
[73.32, -67.67999999999999, -87.43, 25.040000000000003]
[-39.22, 42.02, 55.6, -119.42]

[0.65, 0.67, 76.4, 23.2]
[-0.7, -13.1, -7.2, 9.2]
[-0.7, -5.5, -1.5, 0.4]
[-1.0, 12.6, 0.8, -0.4]

[-5.5, -0.3, -1.2, 10.2]
[-1.0, 0.8, 0.8, -9.5]
[-45.5, 45.5, 56.5, 13.7]
[-10.7, 11.9, 2.2, 1.2]

[-3728.685, 3752.621, 4367.396000000001, 1074.785]
[246.11, -228.39000000000001, -396.2, 29.71]
[73.32, -67.67999999999999, -87.43, 25.040000000000003]
[-39.22, 42.02, 55.6, -119.42]

[1.0, 4.0, 5.0, 6.0, 6.0]
[7.0, 8.0, 9.0, 0.0, 0.0]
[4.0, 1.0, 2.0, 2.0, 2.0]

[4.0, 5.0]
[6.0, 1.0]
[6.0, 0.0]
[0.0, 9.0]
[7.0, 7.0]

[100.0, 105.0]
[130.0, 43.0]
[48.0, 53.0]

[1.0, 2.0, 2.0, 7.0]
[3.0, 3.0, 4.0, 5.0]
[5.0, 0.0, 0.0, 1.0]
[0.0, 1.0, 0.0, 8.0]

[9.0, 8.0, 7.0, 13.0]
[15.0, 14.0, 0.0, 1.0]
[3.0, 7.0, 2.0, 3.0]
[0.0, 9.0, 0.0, 35.0]

[45.0, 113.0, 11.0, 266.0]
[84.0, 139.0, 29.0, 229.0]
[45.0, 49.0, 35.0, 100.0]
[15.0, 86.0, 0.0, 281.0]

[1.0, 0.0, 17.0]
[15.0, 19.0, 7.0]

[5.0, 6.0, 78.0, 9.0]
[29.0, 31.0, 47.0, 1.0]
[14.0, 17.0, 0.0, 3.0]

[243.0, 295.0, 78.0, 60.0]
[724.0, 798.0, 2063.0, 175.0]

[1.0, 4.0, 5.0, 6.0, 6.0]
[7.0, 8.0, 9.0, 0.0, 0.0]
[4.0, 1.0, 2.0, 2.0, 2.0]

[4.0, 5.0]
[6.0, 1.0]
[6.0, 0.0]
[0.0, 9.0]
[7.0, 7.0]

[100.0, 105.0]
[130.0, 43.0]
[48.0, 53.0]

[0.65, 0.67, 76.4, 23.2]
[-0.7, -13.1, -7.2, 9.2]
[-0.7, -5.5, -1.5, 0.4]
[-1.0, 12.6, 0.8, -0.4]

[-5.5, -0.3, -1.2, 10.2]
[-1.0, 0.8, 0.8, -9.5]
[-45.5, 45.5, 56.5, 13.7]
[-10.7, 11.9, 2.2, 1.2]

[-3728.685, 3752.621, 4367.396000000001, 1074.785]
[246.11, -228.39000000000001, -396.2, 29.71]
[73.32, -67.67999999999999, -87.43, 25.040000000000003]
[-39.22, 42.02, 55.6, -119.42]

[0.65, 0.67, 76.4, 23.2]
[-0.7, -13.1, -7.2, 9.2]
[-0.7, -5.5, -1.5, 0.4]
[-1.0, 12.6, 0.8, -0.4]

[-5.5, -0.3, -1.2, 10.2]
[-1.0, 0.8, 0.8, -9.5]
[-45.5, 45.5, 56.5, 13.7]
[-10.7, 11.9, 2.2, 1.2]

[-3728.685, 3752.621, 4367.396000000001, 1074.785]
[246.11, -228.39000000000001, -396.2, 29.71]
[73.32, -67.67999999999999, -87.43, 25.040000000000003]
[-39.22, 42.02, 55.6, -119.42]

[1.0, 4.0, 5.0, 6.0, 6.0]
[7.0, 8.0, 9.0, 0.0, 0.0]
[4.0, 1.0, 2.0, 2.0, 2.0]

[4.0, 5.0]
[6.0, 1.0]
[6.0, 0.0]
[0.0, 9.0]
[7.0, 7.0]

[100.0, 105.0]
[130.0, 43.0]
[48.0, 53.0]

